-26.413572 ,-3.970600 ,978.671918
-6.441310 ,-10.708493 ,976.546402
-9.802901 ,-19.779110 ,971.578411
84.821775 ,-4.442161 ,1142.887718
-24.713913 ,53.318763 ,1005.474278
-470.729759 ,-89.284193 ,758.674232
-277.710686 ,-78.614165 ,919.415185
-264.092806 ,-158.629416 ,938.683603
-170.884808 ,-252.316227 ,964.744696
-75.260520 ,-330.299840 ,923.878468
-47.451313 ,-417.954922 ,889.975641
39.550379 ,-491.735775 ,848.258364
18.813913 ,-544.208135 ,851.755672
-17.136055 ,-610.159160 ,784.847871
36.392672 ,-594.036589 ,779.914867
-17.429583 ,-649.127047 ,775.581540
89.510598 ,-651.329875 ,756.378251
70.941558 ,-636.056105 ,729.720032
73.568128 ,-667.433789 ,691.657642
53.714496 ,-732.974391 ,730.537820
24.227252 ,-812.227170 ,570.313880
6.269999 ,-867.776623 ,584.604099
41.609089 ,-836.129506 ,507.005088
-60.913505 ,-967.055418 ,459.603393
-75.779546 ,-992.801786 ,373.418135
-63.383763 ,-948.449554 ,356.577132
-118.776008 ,-1038.097020 ,283.794064
-148.361026 ,-972.263549 ,204.939578
-17.592454 ,-948.956843 ,182.589773
-32.676774 ,-984.670128 ,60.886546
-80.813548 ,-1050.596422 ,89.002421
-64.771719 ,-975.277100 ,-162.109153
-87.571682 ,-1192.072741 ,-139.680739
-49.375899 ,-980.725518 ,-192.805033
-41.986081 ,-958.828886 ,-290.420791
-64.818134 ,-952.619093 ,-355.825337
-76.851125 ,-882.721042 ,-397.029527
-59.449545 ,-840.405545 ,-462.741037
-103.009396 ,-640.176262 ,-513.799413
-42.247180 ,-779.103294 ,-587.404295
-131.884038 ,-675.124102 ,-777.958766
-41.610464 ,-432.984165 ,-785.050610
-26.946237 ,-497.546743 ,-789.031211
-21.521745 ,-429.492416 ,-799.535153
-79.423539 ,-480.029346 ,-878.493933
-76.619890 ,-251.727444 ,-914.826287
-59.895031 ,-206.095865 ,-938.802617
-94.250851 ,-252.183846 ,-833.781021
-101.520307 ,75.838193 ,-953.103405
-132.351657 ,56.032248 ,-978.081740
-109.128253 ,241.258509 ,-844.215644
-75.155963 ,300.692554 ,-875.741237
-229.587215 ,326.337095 ,-897.363263
-219.871269 ,461.491858 ,-861.544318
-150.643071 ,480.330538 ,-842.855216
-191.179622 ,458.055852 ,-799.100051
-145.796146 ,539.292835 ,-787.971345
-92.276796 ,637.289218 ,-708.709834
-100.389929 ,678.144391 ,-742.975421
-98.008661 ,687.709587 ,-739.875159
-43.929206 ,706.444626 ,-687.594965
40.151263 ,790.710301 ,-556.093243
-53.800035 ,812.992680 ,-633.168253
-12.228384 ,956.250297 ,-434.220993
-0.644822 ,932.540152 ,-491.798946
7.013716 ,1028.419407 ,-293.894065
-20.658360 ,964.289853 ,-329.996134
-24.966837 ,1029.714785 ,-324.332122
-36.456795 ,986.325812 ,-84.105536
-28.322444 ,994.409509 ,-6.455213
12.731904 ,998.725930 ,101.653855
-4.611012 ,865.349328 ,62.186690
93.625098 ,997.946104 ,120.433557
93.498957 ,967.233938 ,253.256751
104.774242 ,965.259186 ,308.943210
39.994501 ,976.178358 ,414.579548
-5.860120 ,908.493489 ,401.378145
-58.903477 ,887.225390 ,478.192172
-17.574563 ,982.540267 ,539.871393
14.247473 ,787.433693 ,619.219769
34.488633 ,797.853939 ,610.730219
18.458815 ,746.836264 ,722.076436
-28.786241 ,672.569186 ,740.914736
-12.117186 ,702.747843 ,742.516914
16.354152 ,556.940787 ,772.370073
54.596831 ,559.655636 ,942.508022
63.438609 ,410.606113 ,909.858731
46.858729 ,365.165229 ,953.542829
-16.032792 ,243.265362 ,748.545988
30.261523 ,238.936778 ,970.278624
-19.681709 ,178.780790 ,915.731889
20.717119 ,226.888899 ,1011.460842
5.996386 ,180.584579 ,957.028924
25.003469 ,217.652228 ,1065.970470
42.805309 ,40.814863 ,942.525691
-26.864210 ,24.376461 ,1085.737848
6.022627 ,11.426379 ,938.447199
-44.600021 ,-4.752125 ,953.656169
110.422977 ,-38.852715 ,1035.003679
18.966526 ,-79.979527 ,916.125299
85.456066 ,-55.949434 ,979.843005
17.564458 ,-35.359172 ,944.110850
91.622306 ,-33.002739 ,1001.450597
78.594974 ,29.743757 ,997.450705
38.881912 ,-42.147189 ,979.511453
7.909680 ,-2.322238 ,893.561976
17.269908 ,-8.960882 ,985.492758
47.370288 ,4.263685 ,981.482308
39.699314 ,54.788531 ,970.531850
52.640307 ,43.941984 ,1083.115089
-27.501525 ,117.247015 ,982.972502
-25.943213 ,66.095319 ,987.468206
-61.142940 ,36.439793 ,1034.995764
-59.657046 ,-76.808467 ,972.367781
-114.793459 ,-125.159793 ,888.634216
-129.578417 ,-93.870731 ,966.336877
-14.062702 ,13.000654 ,1043.442308
-62.009804 ,-125.487518 ,969.854332
-40.039379 ,-98.765105 ,1011.780759
-82.342091 ,-119.258640 ,909.099398
-10.884379 ,-282.997175 ,1063.320181
-68.481623 ,-97.062031 ,932.930514
39.019909 ,-53.413872 ,1057.122796
12.372608 ,-7.175996 ,894.026178
-75.634209 ,61.455762 ,1004.365068
-108.778433 ,7.507473 ,977.123672
-122.204298 ,27.243236 ,934.350241
-53.626124 ,-1.374798 ,972.068375
-64.606501 ,-9.008812 ,1016.025594
-79.842897 ,14.825479 ,994.812892
47.673613 ,-77.779744 ,908.549867
11.070548 ,-44.775499 ,1047.155878
-169.637186 ,-15.609814 ,1025.940463
-25.968617 ,-24.276283 ,995.396674
-70.558326 ,-42.946683 ,961.254651
-3.045249 ,36.071824 ,974.845868
-2.232037 ,112.186455 ,951.159421
99.615770 ,55.323497 ,952.109730
1.284860 ,1.059900 ,948.542286
12.546331 ,83.109300 ,985.600966
-88.776887 ,30.217579 ,952.026137
-78.201083 ,-104.817120 ,1018.640640
-159.854632 ,30.502074 ,987.058762
-111.726957 ,-321.255676 ,899.973558
-24.651502 ,75.023041 ,965.251593
-48.069688 ,17.589794 ,990.460895
-35.122764 ,46.028632 ,966.808784
2.682723 ,17.500151 ,989.574762
-28.125460 ,65.857823 ,965.919321
270.460737 ,-319.592781 ,1032.665730
90.829211 ,-37.693516 ,979.474927
3.999369 ,-30.660837 ,932.074119
-5.836750 ,-70.017663 ,987.282966
21.187698 ,-146.676010 ,1016.123128
-9.134454 ,-74.662965 ,987.879743
-71.608920 ,-134.250018 ,993.621814
-101.523372 ,-61.202094 ,1026.842065
-65.879344 ,-30.966603 ,1037.968168
-153.018235 ,-0.462193 ,1026.830492
-99.322928 ,-61.572281 ,992.545785
-84.632917 ,-51.168879 ,1003.397364
-40.156150 ,11.126996 ,943.014086
-173.257315 ,-54.390075 ,1028.463513
-64.984494 ,-40.344839 ,999.605728
-114.350137 ,-103.557175 ,1043.191256
-45.726991 ,-49.764657 ,975.473008
-0.745295 ,-50.261909 ,924.002905
-32.761320 ,-123.803390 ,933.176786
-49.285098 ,-101.121567 ,949.552790
-43.404335 ,-54.751934 ,979.262168
-116.103475 ,-12.597637 ,994.450648
-57.610971 ,-24.570443 ,971.078265
-61.630370 ,-17.400381 ,952.266444
-76.515630 ,22.827111 ,972.574590
-34.379108 ,43.877630 ,977.623384
-33.750766 ,55.578311 ,968.518845
-21.418261 ,48.664912 ,959.489140
-62.084905 ,63.407019 ,976.875896
-45.435295 ,80.037627 ,979.151204
-11.311578 ,80.198103 ,955.084036
-25.919590 ,71.389550 ,970.021937
-57.427991 ,75.648332 ,974.733210
-4.447697 ,96.097801 ,980.070770
-79.341035 ,57.785926 ,974.445881
-141.100487 ,97.894109 ,955.210426
-165.591969 ,49.065864 ,972.799511
-258.176565 ,123.220226 ,1009.445833
-362.958694 ,53.129794 ,852.278401
-428.246001 ,41.278275 ,938.552360
-408.990393 ,88.274924 ,866.636446
-528.442489 ,35.758874 ,861.065291
-639.233979 ,128.754695 ,805.752297
-677.142439 ,83.778027 ,801.927553
-717.823666 ,73.324023 ,608.480397
-785.441590 ,55.978290 ,562.987138
-893.588448 ,109.422936 ,479.121389
-987.991192 ,74.563995 ,337.671081
-985.896805 ,97.978970 ,195.535818
-1049.377194 ,87.785949 ,245.143111
-1044.706050 ,67.775439 ,97.043787
-1101.488450 ,126.708887 ,72.275660
-1065.531421 ,45.696923 ,-75.454781
-988.650510 ,71.110344 ,-198.745275
-946.137278 ,22.116441 ,-326.888598
-958.634021 ,28.199929 ,-391.533253
-898.213919 ,45.816113 ,-536.009438
-794.060503 ,58.341434 ,-542.243035
-616.708897 ,73.138230 ,-956.726794
-666.956569 ,38.184324 ,-676.522796
-707.733049 ,-32.933550 ,-745.146060
-693.001895 ,-146.017598 ,-662.036818
-524.672929 ,51.671986 ,-778.717909
-462.722582 ,76.262636 ,-854.329494
-320.467006 ,127.264817 ,-826.135665
-369.541936 ,34.187501 ,-1045.418365
-204.810567 ,88.742918 ,-967.449273
-168.353032 ,-3.790158 ,-895.823835
-136.604782 ,-2.086945 ,-927.851768
-110.486308 ,-186.647457 ,-987.962259
-47.138319 ,-245.750106 ,-1062.341593
57.994283 ,-278.412332 ,-968.409248
132.488118 ,-162.150564 ,-1322.539708
158.973609 ,-355.921202 ,-963.848217
318.657626 ,-268.272340 ,-960.446831
486.066344 ,-263.097599 ,-798.236808
590.096570 ,-224.932535 ,-746.652465
673.251133 ,-307.084046 ,-713.079003
711.269467 ,-199.979280 ,-644.009145
754.717947 ,-231.607760 ,-571.073657
848.443515 ,-241.519952 ,-484.323861
966.875236 ,-207.491598 ,-328.731069
977.531055 ,-266.126122 ,-274.060452
993.952411 ,-282.928189 ,-219.649425
959.013864 ,-399.176689 ,-117.788398
888.654397 ,-362.966794 ,-101.612852
896.794684 ,-316.162589 ,187.607182
943.823484 ,-260.054678 ,331.444273
908.587320 ,-244.151313 ,445.407020
893.586703 ,-306.936640 ,667.681157
787.120477 ,-248.888183 ,613.286641
760.255665 ,-284.651754 ,592.233444
733.592339 ,-209.357733 ,649.300535
644.196471 ,-236.543247 ,666.291509
545.640235 ,-235.692466 ,758.119466
459.269156 ,-312.377980 ,680.051145
390.832664 ,-307.589011 ,909.285445
420.526194 ,-274.301233 ,778.722715
392.196718 ,-481.312352 ,865.872735
414.547866 ,-467.035556 ,809.413549
259.917533 ,-414.838454 ,663.484975
195.211964 ,-274.236749 ,998.567802
252.677700 ,-280.548373 ,932.416508
186.521019 ,-219.502176 ,941.574580
207.351530 ,-235.163393 ,903.896600
267.596650 ,-331.016376 ,862.978623
177.758273 ,-133.672977 ,977.518575
111.468116 ,-132.150722 ,1384.182892
32.223331 ,-112.629019 ,1075.966507
169.491340 ,-264.619585 ,713.970968
6.728365 ,-88.529920 ,889.244745
-36.738662 ,-184.604758 ,963.729044
-11.910956 ,-103.784011 ,1046.566337
-57.745238 ,0.088524 ,1027.503042
-25.904990 ,-96.252635 ,981.926123
-70.928718 ,-80.590742 ,931.787259
-35.866935 ,-125.235344 ,983.943593
-2.996574 ,-177.828137 ,1026.401010
-7.667647 ,-184.669749 ,1066.950476
-37.614157 ,-143.289616 ,1011.468183
-53.970867 ,-152.873477 ,1008.143221
-108.793610 ,-32.683250 ,950.973835
-55.080325 ,-104.189612 ,1002.268640
-36.527535 ,-99.630952 ,1042.710183
-18.973711 ,-92.370696 ,1006.153408
-30.299556 ,-42.557593 ,968.523965
70.616675 ,-47.466662 ,1041.461425
-35.158299 ,-63.226158 ,964.225663
-53.312731 ,-98.952969 ,867.452463
-70.239197 ,-52.878249 ,924.788031
57.984720 ,-180.076586 ,1027.715231
-195.483745 ,75.012239 ,1098.252031
-98.340951 ,65.131252 ,1034.746050
95.742052 ,158.098229 ,1036.996704
26.948412 ,-136.974139 ,924.820662
-89.002129 ,-93.700052 ,956.706918
-215.649486 ,7.128698 ,1094.930348
-118.871143 ,-42.334249 ,997.761719
-134.300194 ,-19.216515 ,958.258063
-47.646113 ,174.841014 ,1096.045348
-127.958918 ,101.930727 ,953.042571
-94.839389 ,29.353146 ,1023.018655
-85.922033 ,69.810741 ,990.808040
-85.195557 ,23.512886 ,940.799519
-81.833300 ,40.772761 ,935.318589
-138.328945 ,17.020570 ,971.395868
-110.755359 ,-79.507300 ,958.751639
-52.233554 ,-53.568844 ,1009.907267
-113.057087 ,-28.564389 ,965.536736
-46.916448 ,112.237089 ,1093.687086
-28.822975 ,30.784079 ,931.725444
